1617,4
1617,5
1597,4
4294967278,190
4294967279,191
4294967278,189
4294967279,190
4294967278,186
4294967278,181
4294967278,362
4294967278,276
4294967278,246
4294967279,419
4294967279,480
4294967279,498
4294967279,182
4294967278,180
4294967279,167
4294967294,1426
1947,5
1947,4
1947,3
1947,2
1947,1
4294967294,1434
4294967294,126
4294967294,12
4294967294,19
4294967278,140
4294967279,294
4294967279,276
1946,5
1946,4
1946,3
1946,2
1946,1
4294967279,272
1944,6
1944,5
4294967278,372
1944,4
1944,3
1944,2
1944,1
4294967278,289
4294967279,306
1942,6
1942,5
1942,4
1942,3
1942,2
1942,1
4294967278,369
1941,6
1941,5
1941,4
1941,3
1941,2
1941,1
4294967294,398
4294967294,390
4294967294,184
4294967294,397
4294967279,469
4294967279,305
4294967278,358
4294967278,225
4294967279,215
1940,6
1940,5
1940,4
1940,3
1940,2
1940,1
4294967278,287
4294967279,211
4294967278,354
4294967278,204
4294967278,280
4294967294,1079
4294967294,1074
4294967278,182
4294967279,183
4294967294,406
4294967294,110
4294967279,304
4294967278,278
4294967279,404
4294967279,159
4294967279,234
1932,6
1932,5
1932,4
1932,3
1932,2
1932,1
4294967278,309
1929,6
1929,5
4294967294,1430
1929,4
1929,3
1929,2
1929,1
4294967294,414
4294967294,1083
4294967294,1072
4294967279,302
4294967279,301
4294967279,237
4294967279,470
1924,4
1924,3
1924,2
1924,1
1923,6
4294967278,210
1923,5
1923,4
1923,3
1923,2
1923,1
4294967279,209
4294967279,300
1922,5
4294967279,205
1922,4
1922,3
1922,2
1922,1
1921,6
1921,5
1921,4
1921,3
1921,2
1921,1
1920,6
1920,5
1920,4
1920,3
1920,2
1920,1
4294967294,1085
4294967294,1077
4294967279,179
4294967278,177
4294967279,178
4294967279,170
4294967279,316
4294967278,165
1917,5
1917,4
1917,3
1917,2
1917,1
4294967279,160
4294967278,158
4294967278,157
1915,4
1915,3
1915,2
1915,1
4294967279,296
4294967279,405
4294967279,298
4294967279,88
4294967278,341
4294967279,253
4294967279,258
4294967278,441
4294967279,505
4294967294,403
4294967279,295
4294967279,445
4294967279,291
4294967279,290
4294967279,398
4294967279,397
4294967278,431
4294967278,385
4294967278,414
4294967278,230
4294967278,440
4294967279,282
4294967279,396
4294967279,478
4294967279,257
4294967279,313
4294967279,63
4294967279,62
4294967279,50
4294967279,402
4294967279,487
4294967279,385
4294967279,31
4294967279,28
4294967279,27
4294967279,226
4294967279,260
4294967279,23
4294967279,280
4294967279,21
4294967279,20
4294967279,224
4294967279,10
4294967278,274
4294967278,235
4294967278,221
4294967279,309
4294967294,1070
1914,5
1914,4
4294967279,208
1914,3
1914,2
1914,1
4294967279,289
1913,5
1913,4
1913,3
1913,2
1913,1
4294967294,413
4294967294,179
4294967294,407
4294967294,1244
4294967294,160
4294967294,410
4294967294,505
1911,6
1911,5
4294967294,1431
4294967279,288
1911,4
1911,3
1911,2
1911,1
4294967279,287
4294967279,425
1909,6
1909,5
1909,4
1909,3
1909,2
1909,1
4294967278,307
4294967278,232
4294967279,47
4294967279,39
4294967279,475
4294967294,1444
4294967279,44
1908,6
1908,5
1908,4
1908,3
1908,2
1908,1
4294967294,1069
4294967294,1155
4294967278,260
1907,6
1907,5
1907,4
1907,2
1907,1
4294967279,17
4294967279,286
4294967279,24
4294967278,311
4294967279,422
4294967279,284
4294967279,14
4294967279,12
4294967279,9
4294967279,443
4294967294,504
4294967279,394
4294967279,254
4294967279,242
4294967278,233
4294967294,180
4294967279,221
4294967279,219
4294967278,217
4294967278,335
4294967278,211
4294967278,213
4294967279,307
4294967279,206
4294967278,430
4294967294,1429
4294967279,204
4294967278,202
4294967279,203
1899,6
1899,5
1899,4
1899,3
1899,2
1899,1
4294967279,195
4294967294,190
4294967278,183
4294967279,479
4294967294,457
4294967294,175
4294967279,172
1896,6
1896,5
1896,4
4294967279,173
1896,2
1896,1
4294967278,447
4294967278,446
4294967278,445
1891,4
1891,3
1891,2
1891,1
4294967278,444
1890,6
4294967279,281
1890,5
1890,4
1890,3
1890,2
1890,1
4294967278,442
1889,5
1889,4
1889,3
1889,2
1889,1
4294967278,282
1888,6
4294967294,118
1888,5
1888,4
1888,3
1888,2
1888,1
1887,6
4294967278,256
1887,5
1887,4
1887,3
1887,2
1887,1
4294967278,439
4294967279,231
1884,5
1884,4
1884,3
1884,2
1884,1
1882,4
1882,3
1882,2
1882,1
4294967279,157
4294967279,136
4294967279,386
4294967278,428
4294967278,409
4294967279,134
4294967278,418
4294967279,482
4294967279,133
4294967279,476
4294967278,392
4294967278,293
4294967279,494
4294967279,166
4294967278,164
4294967279,164
4294967278,155
4294967279,150
4294967279,149
4294967278,342
4294967278,434
1881,5
1881,4
4294967278,273
1881,3
1881,2
1881,1
4294967294,161
4294967278,433
4294967279,447
4294967278,339
4294967278,432
4294967279,279
4294967279,261
1880,5
4294967278,279
1880,4
4294967279,259
1880,3
1880,2
1880,1
4294967278,378
4294967294,500
4294967278,281
1878,6
4294967278,253
1878,5
4294967279,255
1878,4
1878,3
1878,2
1878,1
4294967279,446
4294967279,238
4294967279,227
1876,6
1876,5
1876,4
1876,3
1876,2
1876,1
4294967279,440
4294967278,219
4294967279,212
1875,6
1875,5
1875,4
1875,3
1875,2
1875,1
4294967279,319
4294967279,439
4294967294,461
4294967278,394
4294967279,438
1874,6
1874,5
1874,4
1874,2
1874,1
4294967279,436
4294967278,429
4294967278,365
4294967294,393
4294967294,1159
4294967294,1066
4294967278,403
4294967278,388
1871,6
1871,5
1871,4
1871,3
1871,2
1871,1
4294967294,386
4294967294,499
4294967294,388
4294967279,163
4294967279,431
4294967279,274
4294967278,154
1869,6
1869,5
1869,4
1869,3
1869,2
1869,1
4294967278,337
4294967279,430
4294967294,392
4294967294,439
4294967294,389
4294967294,395
4294967294,187
4294967294,399
4294967294,186
4294967294,1454
4294967294,421
4294967294,1086
4294967294,178
4294967294,385
4294967278,320
4294967279,137
1866,6
1866,5
1866,4
1866,3
1866,2
1866,1
4294967279,428
4294967278,248
1863,6
1863,5
1863,4
1863,2
1863,1
4294967279,427
4294967294,384
4294967294,168
4294967294,462
4294967294,456
4294967279,420
4294967294,1432
4294967278,332
4294967278,413
1860,5
4294967278,203
1860,4
1860,3
1860,2
1860,1
4294967279,199
1858,4
1858,3
1858,2
1858,1
1857,6
1857,5
1857,4
1857,3
1857,2
1857,1
4294967278,427
4294967294,113
4294967294,497
4294967278,188
4294967279,477
4294967279,297
1856,5
1856,4
1856,3
1856,2
1856,1
4294967294,496
1855,6
4294967278,178
1855,5
1855,4
4294967278,176
1855,3
1855,2
1855,1
4294967279,176
1854,6
4294967294,495
1854,5
4294967278,168
1854,4
4294967279,169
1854,3
1854,2
1854,1
4294967278,167
4294967279,168
4294967278,166
4294967294,454
4294967294,494
4294967278,338
4294967279,278
4294967278,424
4294967294,1154
4294967279,424
4294967279,146
4294967278,146
1851,5
1851,4
1851,3
1851,2
1851,1
4294967279,140
4294967278,136
4294967278,135
4294967278,134
4294967294,1071
4294967294,1428
4294967278,393
4294967278,422
1849,4
1849,3
1849,2
1849,1
4294967278,271
4294967278,343
4294967279,414
4294967278,421
4294967279,433
4294967279,413
4294967294,114
4294967294,409
4294967294,590
4294967279,456
4294967294,387
4294967294,40
4294967294,38
4294967294,36
4294967278,286
4294967294,127
4294967278,132
4294967278,131
4294967278,130
4294967278,129
4294967278,127
4294967278,126
4294967278,124
4294967278,121
4294967278,119
4294967278,118
4294967278,117
4294967278,116
4294967278,114
4294967278,111
4294967278,109
4294967278,108
4294967278,107
4294967278,106
4294967278,104
4294967278,103
4294967278,334
4294967278,99
4294967278,398
4294967278,333
4294967278,97
4294967278,285
4294967278,94
4294967278,93
4294967278,436
4294967278,359
4294967278,87
4294967278,435
4294967278,85
4294967278,420
4294967278,426
4294967278,81
4294967278,79
4294967278,78
4294967278,77
4294967278,298
4294967278,71
4294967278,67
4294967278,88
4294967278,404
4294967279,410
4294967279,466
4294967279,418
4294967279,94
4294967279,93
4294967279,92
4294967279,299
4294967279,303
4294967279,450
4294967279,85
4294967279,408
4294967279,79
4294967279,67
4294967279,59
4294967279,48
4294967279,35
4294967279,15
4294967279,415
4294967279,6
4294967279,4
4294967279,225
4294967278,223
4294967279,223
4294967279,217
4294967278,215
4294967279,277
4294967278,214
4294967279,308
4294967278,83
4294967278,82
